a[0] = 60
b1[0] = 12.000000
b2[0] = 12.000000
a[1] = 1
b1[1] = 0.000000
b2[1] = 0.200000
a[2] = 14
b1[2] = 2.000000
b2[2] = 2.800000
a[3] = 92
b1[3] = 18.000000
b2[3] = 18.400000
a[4] = 79
b1[4] = 15.000000
b2[4] = 15.800000
a[5] = 1
b1[5] = 0.000000
b2[5] = 0.200000
a[6] = 16
b1[6] = 3.000000
b2[6] = 3.200000
a[7] = 88
b1[7] = 17.000000
b2[7] = 17.600000
a[8] = 80
b1[8] = 16.000000
b2[8] = 16.000000
a[9] = 41
b1[9] = 8.000000
b2[9] = 8.200000
a[10] = 86
b1[10] = 17.000000
b2[10] = 17.200000
a[11] = 12
b1[11] = 2.000000
b2[11] = 2.400000
a[12] = 63
b1[12] = 12.000000
b2[12] = 12.600000
a[13] = 58
b1[13] = 11.000000
b2[13] = 11.600000
a[14] = 59
b1[14] = 11.000000
b2[14] = 11.800000
Run time: 0.005000